6.573705179282868016e+01
6.626826029216466907e+01
7.144754316069057154e+01
7.516600265604249387e+01
7.011952191235060639e+01
7.662682602921645980e+01
7.463479415670650496e+01
7.596281540504648433e+01
7.689243027888446136e+01
7.516600265604249387e+01
7.436918990703851762e+01
7.848605577689242807e+01
7.848605577689242807e+01
7.755644090305445104e+01
7.290836653386453747e+01
7.981407702523239323e+01
7.928286852589640432e+01
7.808764940239043995e+01
8.021248339973439556e+01
8.207171314741036383e+01
8.021248339973439556e+01
7.994687915006639400e+01
7.822045152722442651e+01
7.822045152722442651e+01
7.954847277556440588e+01
8.406374501992031867e+01
7.543160690571049543e+01
8.220451527224436461e+01
7.888446215139441620e+01
8.432934926958832023e+01
8.220451527224436461e+01
8.472775564409030835e+01
8.021248339973439556e+01
8.605577689243027351e+01
8.525896414342629726e+01
8.379814077025233132e+01
8.353253652058432976e+01
8.393094289508631789e+01
8.685258964143426397e+01
8.047808764940238291e+01
8.393094289508631789e+01
8.512616201859229648e+01
8.220451527224436461e+01
8.406374501992031867e+01
8.605577689243027351e+01
8.539176626826029803e+01
8.472775564409030835e+01
8.233731739707835118e+01
8.393094289508631789e+01
8.379814077025233132e+01
