7.702523240371846214e+01
7.410358565737051606e+01
7.596281540504648433e+01
7.423638778220451684e+01
7.662682602921645980e+01
7.901726427622841697e+01
7.822045152722442651e+01
7.755644090305445104e+01
7.968127490039840666e+01
7.954847277556440588e+01
7.782204515272243839e+01
7.861885790172642885e+01
8.114209827357237259e+01
8.087649402390437103e+01
8.007968127490039478e+01
7.835325365205842729e+01
7.795484727755643917e+01
8.260292164674635274e+01
7.622841965471447168e+01
8.260292164674635274e+01
8.406374501992031867e+01
8.432934926958832023e+01
8.366533864541833054e+01
8.751660026560425365e+01
8.193891102257636305e+01
8.698539176626826475e+01
7.290836653386453747e+01
8.512616201859229648e+01
7.954847277556440588e+01
7.450199203187250419e+01
8.512616201859229648e+01
8.645418326693227584e+01
8.034528552456838213e+01
8.326693227091634242e+01
8.247011952191235196e+01
8.353253652058432976e+01
8.393094289508631789e+01
8.366533864541833054e+01
8.286852589641434008e+01
8.552456839309428460e+01
8.552456839309428460e+01
8.339973439575032899e+01
8.552456839309428460e+01
8.658698539176626241e+01
8.565737051792828538e+01
8.393094289508631789e+01
8.751660026560425365e+01
8.512616201859229648e+01
8.738379814077025287e+01
8.353253652058432976e+01
