6.799468791500663656e+01
7.436918990703851762e+01
7.596281540504648433e+01
7.450199203187250419e+01
7.556440903054448199e+01
7.702523240371846214e+01
7.423638778220451684e+01
7.729083665338644948e+01
7.742363877822045026e+01
7.702523240371846214e+01
8.021248339973439556e+01
7.450199203187250419e+01
7.702523240371846214e+01
7.968127490039840666e+01
7.928286852589640432e+01
7.875166002656041542e+01
7.436918990703851762e+01
8.140770252324037415e+01
8.353253652058432976e+01
7.901726427622841697e+01
8.180610889774236227e+01
8.406374501992031867e+01
8.419654714475431945e+01
8.406374501992031867e+01
8.432934926958832023e+01
7.290836653386453747e+01
8.114209827357237259e+01
8.565737051792828538e+01
8.326693227091634242e+01
8.406374501992031867e+01
8.645418326693227584e+01
8.579017264276228616e+01
8.632138114209827506e+01
8.565737051792828538e+01
8.127490039840637337e+01
8.393094289508631789e+01
8.658698539176626241e+01
8.698539176626826475e+01
7.596281540504648433e+01
8.565737051792828538e+01
8.140770252324037415e+01
8.233731739707835118e+01
8.512616201859229648e+01
8.552456839309428460e+01
7.224435590969456200e+01
7.835325365205842729e+01
8.366533864541833054e+01
8.432934926958832023e+01
8.154050464807437493e+01
8.499335989375829570e+01
