5.896414342629482519e+01
7.184594953519255967e+01
7.516600265604249387e+01
7.330677290836653981e+01
7.768924302788843761e+01
7.822045152722442651e+01
6.573705179282868016e+01
7.596281540504648433e+01
7.755644090305445104e+01
7.715803452855244871e+01
7.543160690571049543e+01
7.795484727755643917e+01
7.330677290836653981e+01
6.494023904382470391e+01
7.954847277556440588e+01
8.193891102257636305e+01
8.326693227091634242e+01
8.007968127490039478e+01
8.154050464807437493e+01
8.140770252324037415e+01
8.286852589641434008e+01
8.273572377158035351e+01
8.180610889774236227e+01
8.525896414342629726e+01
8.286852589641434008e+01
8.605577689243027351e+01
8.353253652058432976e+01
8.632138114209827506e+01
8.167330677290837571e+01
8.579017264276228616e+01
8.579017264276228616e+01
8.339973439575032899e+01
8.273572377158035351e+01
8.140770252324037415e+01
8.711819389110225131e+01
8.459495351925630757e+01
8.579017264276228616e+01
8.539176626826029803e+01
8.406374501992031867e+01
8.446215139442230679e+01
8.525896414342629726e+01
8.512616201859229648e+01
8.446215139442230679e+01
8.446215139442230679e+01
8.379814077025233132e+01
8.552456839309428460e+01
8.711819389110225131e+01
8.419654714475431945e+01
8.525896414342629726e+01
8.552456839309428460e+01
