7.357237715803452716e+01
7.569721115537848277e+01
6.958831341301461748e+01
7.357237715803452716e+01
7.861885790172642885e+01
7.476759628154050574e+01
7.543160690571049543e+01
7.968127490039840666e+01
7.941567065073040510e+01
7.808764940239043995e+01
8.114209827357237259e+01
7.410358565737051606e+01
8.140770252324037415e+01
8.220451527224436461e+01
8.180610889774236227e+01
8.552456839309428460e+01
7.928286852589640432e+01
7.782204515272243839e+01
8.233731739707835118e+01
7.104913678618858341e+01
7.383798140770252871e+01
8.499335989375829570e+01
7.954847277556440588e+01
7.689243027888446136e+01
8.379814077025233132e+01
8.632138114209827506e+01
8.459495351925630757e+01
8.539176626826029803e+01
8.353253652058432976e+01
8.525896414342629726e+01
8.618857901726427428e+01
7.994687915006639400e+01
8.512616201859229648e+01
8.605577689243027351e+01
8.645418326693227584e+01
8.499335989375829570e+01
8.247011952191235196e+01
8.539176626826029803e+01
8.339973439575032899e+01
8.552456839309428460e+01
8.539176626826029803e+01
8.525896414342629726e+01
8.446215139442230679e+01
8.565737051792828538e+01
8.605577689243027351e+01
8.247011952191235196e+01
8.406374501992031867e+01
8.446215139442230679e+01
8.286852589641434008e+01
8.140770252324037415e+01
