7.264276228419655013e+01
7.543160690571049543e+01
7.423638778220451684e+01
7.583001328021248355e+01
7.410358565737051606e+01
7.675962815405046058e+01
6.772908366533863500e+01
7.968127490039840666e+01
7.822045152722442651e+01
8.021248339973439556e+01
8.100929614873837181e+01
7.675962815405046058e+01
7.915006640106241775e+01
7.941567065073040510e+01
7.848605577689242807e+01
8.087649402390437103e+01
7.702523240371846214e+01
8.260292164674635274e+01
8.127490039840637337e+01
8.366533864541833054e+01
8.486055776892430913e+01
7.954847277556440588e+01
7.822045152722442651e+01
8.167330677290837571e+01
8.326693227091634242e+01
8.605577689243027351e+01
8.432934926958832023e+01
8.539176626826029803e+01
8.047808764940238291e+01
8.525896414342629726e+01
8.446215139442230679e+01
8.300132802124834086e+01
8.618857901726427428e+01
8.366533864541833054e+01
8.379814077025233132e+01
8.565737051792828538e+01
8.658698539176626241e+01
8.565737051792828538e+01
8.592297476759628694e+01
8.114209827357237259e+01
8.353253652058432976e+01
8.300132802124834086e+01
8.432934926958832023e+01
8.273572377158035351e+01
8.472775564409030835e+01
8.552456839309428460e+01
8.592297476759628694e+01
8.061088977423638369e+01
8.658698539176626241e+01
8.552456839309428460e+01
