5.537848605577688943e+01
6.905710491367862858e+01
6.985391766268260483e+01
7.078353253652058186e+01
7.596281540504648433e+01
7.729083665338644948e+01
7.795484727755643917e+01
7.848605577689242807e+01
7.742363877822045026e+01
7.543160690571049543e+01
7.583001328021248355e+01
7.808764940239043995e+01
7.861885790172642885e+01
7.808764940239043995e+01
7.596281540504648433e+01
8.154050464807437493e+01
8.167330677290837571e+01
8.220451527224436461e+01
8.087649402390437103e+01
8.140770252324037415e+01
8.233731739707835118e+01
8.021248339973439556e+01
8.034528552456838213e+01
8.154050464807437493e+01
8.393094289508631789e+01
8.061088977423638369e+01
7.596281540504648433e+01
8.379814077025233132e+01
8.406374501992031867e+01
7.915006640106241775e+01
8.339973439575032899e+01
8.167330677290837571e+01
8.486055776892430913e+01
8.605577689243027351e+01
8.432934926958832023e+01
8.286852589641434008e+01
8.233731739707835118e+01
8.605577689243027351e+01
8.565737051792828538e+01
8.632138114209827506e+01
8.300132802124834086e+01
8.685258964143426397e+01
8.459495351925630757e+01
8.579017264276228616e+01
8.738379814077025287e+01
8.247011952191235196e+01
8.605577689243027351e+01
8.419654714475431945e+01
8.432934926958832023e+01
8.632138114209827506e+01
