6.082337317397078635e+01
7.490039840637450652e+01
7.503320053120849309e+01
7.543160690571049543e+01
7.622841965471447168e+01
7.689243027888446136e+01
7.702523240371846214e+01
7.675962815405046058e+01
7.649402390438247323e+01
7.702523240371846214e+01
7.715803452855244871e+01
7.689243027888446136e+01
7.835325365205842729e+01
7.981407702523239323e+01
8.034528552456838213e+01
7.755644090305445104e+01
7.184594953519255967e+01
7.861885790172642885e+01
8.007968127490039478e+01
7.994687915006639400e+01
6.985391766268260483e+01
8.114209827357237259e+01
8.100929614873837181e+01
8.247011952191235196e+01
8.353253652058432976e+01
7.861885790172642885e+01
8.486055776892430913e+01
8.432934926958832023e+01
8.459495351925630757e+01
8.007968127490039478e+01
8.273572377158035351e+01
8.432934926958832023e+01
8.353253652058432976e+01
8.140770252324037415e+01
8.605577689243027351e+01
8.499335989375829570e+01
8.632138114209827506e+01
8.725099601593625209e+01
8.605577689243027351e+01
8.472775564409030835e+01
8.645418326693227584e+01
8.499335989375829570e+01
8.406374501992031867e+01
8.605577689243027351e+01
7.795484727755643917e+01
8.339973439575032899e+01
8.393094289508631789e+01
8.459495351925630757e+01
8.592297476759628694e+01
8.525896414342629726e+01
