5.987932681245791144e-01
5.239681077633761008e-01
5.536476009077631044e-01
5.061253211838236954e-01
5.772327798607933547e-01
5.031721390601975319e-01
5.673153510967772206e-01
4.961262603462296417e-01
4.645763053707184786e-01
4.564243994970468288e-01
4.892072005031672388e-01
4.943718030726584334e-01
4.751198166816842927e-01
4.514566349687492708e-01
4.775142312267235956e-01
4.310859192092717507e-01
4.642601748560474806e-01
3.851886494379322956e-01
4.487700258478445892e-01
3.746834882367838238e-01
3.976962048622840196e-01
4.270304742270454867e-01
4.807832867554052148e-01
4.261860164282272323e-01
3.872180753055696201e-01
3.627401195157782809e-01
3.671885535287289226e-01
3.554142900713757047e-01
4.253168113815386508e-01
3.552028859628200141e-01
3.892339797802986112e-01
4.669087408986670740e-01
3.790646031849604358e-01
3.649309279385843929e-01
4.573259019514386292e-01
4.054042170987419147e-01
4.707571840585371148e-01
4.516457721847511042e-01
3.641785367110523808e-01
5.612509210187074382e-01
5.967573178077838492e-01
4.083396605826302705e-01
5.627057366817578288e-01
5.400043989423677360e-01
6.026739529464743006e-01
6.433159941513514335e-01
5.826230010171108420e-01
5.041474795786415886e-01
4.929409539108035587e-01
6.899310940045730867e-01
