5.974946866234934761e-01
5.717711334090783692e-01
5.450638468645681023e-01
5.851780288762463700e-01
4.912018432550300240e-01
5.290655161428499120e-01
5.422266687787228312e-01
4.566496081457313561e-01
4.563043677207245796e-01
4.601278340408704870e-01
4.554983477601670105e-01
5.355795783841528213e-01
4.297325248962867161e-01
4.308005605748845834e-01
4.077470607184486284e-01
3.653245948163634238e-01
4.021626761629787938e-01
4.288896524475993566e-01
4.353162446305103850e-01
9.990027722598530113e-01
4.877249191763361469e-01
3.889798895738103557e-01
4.496097551635254708e-01
6.433036587076830237e-01
3.723803643145584541e-01
3.654711153979096072e-01
4.035181859619366151e-01
4.050281862575579872e-01
5.760845710452211499e-01
4.057315469949476783e-01
3.803871058873753430e-01
8.075274906467624358e-01
5.609824900455724350e-01
4.026670773388996705e-01
5.206047432615684700e-01
4.307902707571529821e-01
5.366481674232039811e-01
6.021138637545093708e-01
4.133167388363730987e-01
5.821475877111087494e-01
5.887453175794258309e-01
6.772679458417417697e-01
8.615506564776608256e-01
6.993311171798863857e-01
8.608169676412744664e-01
5.028264051154884839e-01
5.305450785536798275e-01
5.254321360489722093e-01
6.567589104211811746e-01
8.068588322203673613e-01
