5.783760670330103659e-01
5.525768155338438570e-01
5.462383220137986273e-01
5.460929939941383537e-01
5.216194516966790040e-01
4.927818484995192816e-01
5.352488863843690714e-01
4.851180544471835887e-01
5.082843456600371068e-01
4.972990970281886414e-01
4.575839327285894931e-01
6.543827842837378617e-01
5.017768480699968947e-01
4.506798681724509814e-01
4.499199666696783728e-01
4.841003148138750545e-01
4.989263241703079110e-01
4.258950314880163290e-01
4.070327263177034860e-01
4.585620930126483308e-01
4.127120997001324509e-01
4.207795230031092792e-01
3.789672837399795102e-01
3.762154251118753345e-01
3.724458484120926616e-01
5.170761565881896171e-01
4.142182763432257775e-01
3.433036193173042983e-01
4.039676131020147887e-01
4.636498647904113701e-01
3.656773082882436854e-01
3.722900904157900870e-01
3.826167224911154463e-01
3.711102942325122944e-01
3.865083239945806826e-01
4.757257732541876893e-01
3.804577970502496242e-01
3.810601853696117258e-01
7.284916655153582665e-01
4.764462603708832789e-01
4.187953327407113457e-01
3.871356752283108271e-01
5.640961745326066312e-01
5.149322463140394435e-01
5.980705624427875566e-01
5.287596390907918220e-01
4.124711167320505023e-01
5.538447465092819488e-01
5.919716856558138174e-01
7.761632571395011837e-01
