6.722401291883957075e-01
6.644891612930532432e-01
5.492725744051920600e-01
5.450766521146097610e-01
5.004110953029724529e-01
5.265418857454778889e-01
6.397483688921409284e-01
5.072461332814152124e-01
4.774208095303154042e-01
5.151877858259209519e-01
5.095648082148822589e-01
4.747979610647874993e-01
5.214366709392107557e-01
6.931166153295311716e-01
4.543748578046798436e-01
4.410993354555817758e-01
4.163945469807228683e-01
4.681753365849831150e-01
4.192328897683482158e-01
4.147519352936289705e-01
3.979469062387495093e-01
3.975490368361576099e-01
3.993941454204779085e-01
3.649337851567778790e-01
3.596579926762517032e-01
3.668286154937461796e-01
4.231703624929771812e-01
3.566773375905691879e-01
4.116824343772716444e-01
4.325852104440947588e-01
4.180690635991377024e-01
3.766790059835208870e-01
4.380728250746085406e-01
4.117540219338535201e-01
3.483714605831808031e-01
4.297214313475520853e-01
4.703100167767202411e-01
5.187979237675298672e-01
4.808912235243891220e-01
5.465546963117471346e-01
5.351831546212058033e-01
6.601790087063817980e-01
4.247941488586596814e-01
4.246706755877093786e-01
5.851671730607740374e-01
6.053766035287718728e-01
5.773971260553641960e-01
6.138690142442778663e-01
7.614337620712828825e-01
7.282660705824658409e-01
