5.919755353118635322e-01
5.797557779853720339e-01
5.470918504939294991e-01
5.242678522247361528e-01
5.552954786218415872e-01
5.370006010846629652e-01
5.055736496953039394e-01
4.886840749507248005e-01
5.279813864395754841e-01
4.980671148027378536e-01
5.009890454794619918e-01
5.178921473117304997e-01
4.763753661010191598e-01
4.638384259133513376e-01
5.490158220547761703e-01
4.670744340707254638e-01
4.719940037336720073e-01
4.541728474090931944e-01
4.296586801378974307e-01
4.168678045568580681e-01
4.178641409493221159e-01
4.301405154198907899e-01
4.516647386998197677e-01
4.924429887100530423e-01
4.453344514886858896e-01
3.824967180549239121e-01
4.978488433401242474e-01
3.907810532727552522e-01
5.985180966829650728e-01
3.566956687177305629e-01
4.186408152356414503e-01
3.914073393066095363e-01
4.162391372150351931e-01
3.458376032243476450e-01
4.435686372932406418e-01
4.290115586919810986e-01
3.916597035651551706e-01
4.849834164275195758e-01
4.136083154702210885e-01
5.315200904256015546e-01
5.915462074865729392e-01
4.245226634710385083e-01
6.430666928978838737e-01
7.637550558287451441e-01
6.408720178928800637e-01
5.098052553874437010e-01
5.345656168810644093e-01
4.927176850376661088e-01
7.543640377088114413e-01
6.338920481204187718e-01
