6.497062408670802869e-01
6.616455962087409715e-01
5.416417325739247834e-01
5.417440822162475911e-01
5.356121306192589415e-01
5.098257934004266634e-01
5.272331509793580784e-01
4.987924307273085001e-01
4.923528996685824222e-01
5.035123569262554000e-01
5.049290852076998570e-01
4.799581264720173546e-01
5.181934152600948806e-01
4.844512882847141211e-01
4.782638442674763124e-01
4.458904052442335675e-01
4.566470381552118485e-01
4.490541574339545483e-01
4.389229429362262458e-01
4.365498531767622037e-01
4.269484881102014739e-01
4.061533956957614766e-01
4.210252682558585091e-01
4.285423824709204688e-01
4.115305686228798443e-01
4.600003980289064653e-01
4.574482803018689592e-01
4.168069869814404749e-01
4.257465829757471898e-01
4.372381450295835803e-01
3.731534902021239053e-01
6.340125373807320441e-01
4.557754727729679267e-01
3.466759070666942666e-01
4.008789974694836888e-01
4.355121353276457663e-01
5.802099797779300960e-01
5.244048892205309675e-01
5.774824815661760979e-01
4.043967538679418827e-01
5.487016432583914360e-01
4.647477273868377279e-01
4.420601630237916968e-01
5.143636686432186966e-01
5.795057596268070599e-01
6.943280276581339505e-01
5.135183964960445824e-01
6.204645346030664976e-01
7.885743404217564478e-01
5.696812644689476235e-01
