6.492756544593796253e-01
5.453301074396408321e-01
5.582653893377993448e-01
5.473820812218533893e-01
5.129243816140233170e-01
5.139524926818600514e-01
5.044131645859203372e-01
5.114347288223629606e-01
5.392742233665024365e-01
5.149274305372461003e-01
5.137589022339102973e-01
4.793833229569582355e-01
4.734959097802985406e-01
4.735866081412352102e-01
4.698593991036820183e-01
4.756619582338577623e-01
5.801367909247790999e-01
4.761813629344711640e-01
4.562214903652811460e-01
4.457403383250836959e-01
6.349029397361793947e-01
4.291927310608213975e-01
4.277165533489915572e-01
3.995556454295776661e-01
3.914459260286649589e-01
4.541571936350572991e-01
3.651528435629458058e-01
3.901985905839409630e-01
3.693810677658975750e-01
5.599362037039545825e-01
4.284052888511810653e-01
4.319630196987951365e-01
4.309523137075795263e-01
4.863097350259041329e-01
3.654801220824254737e-01
3.789085736939758475e-01
3.514358479181127204e-01
3.698293339016596737e-01
3.742733459147317143e-01
4.156956329301019215e-01
3.826936164319341693e-01
5.048485558282885810e-01
5.155188853627596934e-01
5.255718911668475490e-01
6.748545522343926129e-01
5.067821123915706716e-01
5.645237914842365923e-01
5.845888811040923505e-01
6.674887836468677005e-01
6.190472406880618284e-01
