6.481883585611345477e-01
5.397660090609058825e-01
4.964976772829237106e-01
5.296155401415242325e-01
5.190873402226493516e-01
4.780223504293853454e-01
4.993987611778189506e-01
4.798244889392697110e-01
4.698023405383683349e-01
4.622555735804249610e-01
4.872110323302675239e-01
4.626129396021079199e-01
4.564149286857698273e-01
4.535485917521742127e-01
4.343019863592144092e-01
4.841273317576088031e-01
4.720637847460400494e-01
4.277131264567978763e-01
4.554238145423704642e-01
4.136965093264729498e-01
3.796947648820490628e-01
3.707181237738333413e-01
3.713345451466847358e-01
3.456740224097606951e-01
4.372225496696013902e-01
3.339430522135958812e-01
5.883346747700893831e-01
3.453582511054356652e-01
4.367528283645990550e-01
5.081168571840527504e-01
3.343612139262047145e-01
3.231382873074791773e-01
4.719465314947394741e-01
5.053997125376549215e-01
4.255858089216629780e-01
3.748645271387825439e-01
4.678760304028604100e-01
4.607976464621064139e-01
4.468342296483701626e-01
4.403806135629945717e-01
4.196902214812404108e-01
4.262912365737506204e-01
4.956640574562184431e-01
6.249712186587750296e-01
5.164908869189587248e-01
5.178720491503903123e-01
4.911144459888421854e-01
5.015860588172333934e-01
5.115635522603985130e-01
9.816299852825073335e-01
